	Material 	DescricaoMaterial	Centro	Custo acumulado	Custo/pç.	QuantidadeEntrada	PartNumber	QuebrasN	Custopeca
0	4700100837	BROCA D.5,04 CRIN2/3 opção N1	685.6080000000001	140956,60	0,1620088385217030	282.0	4700100837	71	0.162008838521703
1	4700400351	BROCA CANHÃO D1,25 BF70021R001 IVECO/N3	685.6080000000001	135553,89	0,1557992195895660	634.0	4700400351	215	0.155799219589566
2	4700500646	"BROCA ""BLICKLE"" :  SVB22930 CRIN2/3"	685.6080000000001	86446,31	0,0993572935044336	114.0	4700500646	9	0.0993572935044336
3	4700400344	BROCA CANHÃO D1,0  BF70037R000 CRIN2/3	685.6080000000001	62720,51	0,0720879829436070	301.0	4700400344	71	0.072087982943607
4	4700500635	BROCA ESP D5,5L66l35MD RI (CRIN+CRIP)	685.6080000000001	54551,47	0,0626988753584544	326.0	4700500635	140	0.0626988753584544
5	4700700151	BROCA DE FORMA CONE 60º	685.6080000000001	45578,23	0,0523854583905615	172.0	4700700151	1	0.0523854583905615
6	4700100852	BROCA D.1,25 ( CRIN )	685.6080000000001	35544,00	0,0408525897788071	403.0	4700100852	64	0.0408525897788071
7	4700700156	ALARGADOR ESCALONADO Ø.5,74  E Ø 5,97	685.6080000000001	31411,42	0,0361027980989708	347.0	4700700156	29	0.0361027980989708
8	4700100845	BROCA D.0,99 CRIN2/3	685.6080000000001	28801,79	0,0331034130026263	217.0	4700100845	26	0.0331034130026263
9	4700500813	Broca escalonada	685.6080000000001	27592,94	0,0317140180793168	96.0	4700500813	6	0.0317140180793168
10	4700100831	BROCA D.1,8     BA 70 276 R000	685.6080000000001	22788,02	0,0261914706541540	199.0	4700100831	33	0.026191470654154
11	4706100123	FRESA TOPO Ø2x8x57-ESFÉRICO ( CRIN )	685.6080000000001	22494,46	0,0258540666969330	349.0	4706100123	6	0.025854066696933
12	4706100187	FRESA TOPO Ø20mm (DHK)	685.6080000000001	20152,06	0,0231618231031372	46.0	4706100187	3	0.0231618231031372
13	4700700235	BROCA DE FORMA Ø11,55x10,85 (CRI )	685.6080000000001	16734,75	0,0192341288769101	34.0	4700700235	1	0.0192341288769101
14	4700700165	REBAIXADOR D.4,3 - BK 70 088 R001 CRIN1	685.6080000000001	16472,54	0,0189327571245496	136.0	4700700165	1	0.0189327571245496
15	4700500619	BROCA ESCALONADA D.2,04 ( CRIN )	685.6080000000001	15653,75	0,0179916786869796	117.0	4700500619	38	0.0179916786869796
16	4700700181	BROCA ESCALONADA NIPOTEC CRIN MIM N3	685.6080000000001	15248,09	0,0175254323002569	63.0	4700700181	3	0.0175254323002569
17	4700101429	BROCA HELICOIDAL  2,26mm	685.6080000000001	14236,21	0,0163624253639138	47.0	4700101429	1	0.0163624253639138
18	4700400356	BROCA CANHÃO D.1,83  - BF 70020 R000	685.6080000000001	12574,78	0,0144528564286166	51.0	4700400356	14	0.0144528564286166
19	4701200032	REBAIXADOR FRONTAL .2,04  BS 70 004 R0#	685.6080000000001	12554,53	0,0144295820379171	131.0	4701200032	12	0.0144295820379171
20	4721000285	ALARGADOR D.2,26 RA 70 065 R000 CRIN2/3	685.6080000000001	12478,79	0,0143425300699381	153.0	4721000285	1	0.0143425300699381
21	4706100121	FRESA DE TOPO Ø2 ( CRI-N )	685.6080000000001	12286,04	0,0141209923510583	165.0	4706100121	19	0.0141209923510583
22	4706100088	FRESA TOPO d.2,5(CRIN)	685.6080000000001	10998,19	0,0126407985702053	111.0	4706100088	3	0.0126407985702053
23	4701800116	BROCA CENTRO Ø5,5x60grs	685.6080000000001	10271,82	0,0118059433024349	134.0	4701800116	22	0.0118059433024349
24	4700400336	BROCA CANHÃO D.2,05  BF 70 029 R000	685.6080000000001	9905,57	0,0113849929027475	55.0	4700400336	11	0.0113849929027475
25	4700500608	BROCA ESCALONADA D.3,0  BG 70 046 R000	685.6080000000001	9279,50	0,0106654177034785	121.0	4700500608	23	0.0106654177034785
26	4706100193	FRESA TOPO ESCALONADA Ø6 (CRI )	685.6080000000001	8753,11	0,0100604099740821	37.0	4706100193	4	0.0100604099740821
27	4706100094	FRESA TOPO D.4 CRIN1/2/3	685.6080000000001	7818,37	0,0089860640993960	64.0	4706100094	8	0.008986064099396
28	4706100071	FRESA TOPO Ø11,3 (CRI)	685.6080000000001	6963,43	0,0080034365643551	31.0	4706100071	18	0.0080034365643551
29	4700700204	BROCA DE METAL DURO	685.6080000000001	6486,30	0,0074550459453713	22.0	4700700204	1	0.0074550459453713
30	4700100846	BROCA D.2,80 BA 70 275 R000 CRIN3	685.6080000000001	6399,56	0,0073553510984938	154.0	4700100846	5	0.0073553510984938
31	4700700111	BROCA DE FORMA ( CRI )	685.6080000000001	6195,45	0,0071207567337697	18.0	4700700111	1	0.0071207567337697
32	4703300805	INSERTO MMT11IR 100ISO-S VP15TF	685.6080000000001	5871,95	0,0067489411588923	245.0	4703300805	1	0.0067489411588923
33	4700100851	BROCA D.2 CRIN2/3	685.6080000000001	5479,55	0,0062979351880054	40.0	4700100851	3	0.0062979351880054
34	4700100905	BROCA D.1,2 CRIN IVECO	685.6080000000001	4712,14	0,0054159104884174	50.0	4700100905	5	0.0054159104884174
35	4700100841	BROCA D.5,02 (CRIN)  B1200 101194	685.6080000000001	3769,22	0,0043321629092414	7.0	4700100841	5	0.0043321629092414
36	4700100830	BROCA D.3,0 (CRIN)  BA 70 223 R000	685.6080000000001	3341,46	0,0038405158294591	34.0	4700100830	3	0.0038405158294591
37	4701200036	REBAIXADOR FRONTAL Ø1,44 (POLIR )	685.6080000000001	3338,60	0,0038372286809455	30.0	4701200036	5	0.0038372286809455
38	4706100129	FRESA Ø1,45 CRIN	685.6080000000001	3081,06	0,0035412244053537	34.0	4706100129	1	0.0035412244053537
39	4706100170	FRESA TOPO Ø6,0 ( CRIN )	685.6080000000001	2628,96	0,0030216020826270	25.0	4706100170	2	0.003021602082627
40	4706100122	FRESA Ø1,45 CRIN TIER/CUM/PEG N1=N3	685.6080000000001	1841,31	0,0021163144858658	26.0	4706100122	10	0.0021163144858658
41	4700700214	BROCA FORMA (CRIN2)	685.6080000000001	1751,99	0,0020136543092103	5.0	4700700214	4	0.0020136543092103
42	4706100055	FRESA ESCALONADA	685.6080000000001	1453,17	0,0016702047571705	8.0	4706100055	2	0.0016702047571705
43	4701800057	BROCA DE CENTRO D.6,0 - BY 70 034 R000	685.6080000000001	1333,09	0,0015321904937044	11.0	4701800057	1	0.0015321904937044
44	4700700216	BROCA ESCALONADA	685.6080000000001	1242,08	0,0014275879111091	4.0	4700700216	1	0.0014275879111091
45	4700100857	BROCA D.3,0 CRIN2/3	685.6080000000001	573,73	0,0006594180827649	5.0	4700100857	1	0.0006594180827649
46	4700100856	BROCA D.1,83 ( CRIN ) MWM/IVECO	685.6080000000001	393,59	0,0004523737005132	5.0	4700100856	1	0.0004523737005132
47	4701200034	REBAIXADOR FRONTAL D.2,99 - BS 70003R0#	685.6080000000001	287,42	0,0003303469320905	3.0	4701200034	1	0.0003303469320905
48	4706100097	FRESA 4 CORTES Ø6 ( CRI-N )	685.6080000000001	141,75	0,0001629207348961	2.0	4706100097	1	0.0001629207348961
